 1  0        0.000000000000e+00        0.000000000000e+00
 1  1        0.000000000000e+00        0.000000000000e+00
 2  0        -4.84165301385e-04        0.000000000000e+00
 2  1        -3.69368573506e-10         1.46251879974e-09
 2  2         2.43937158159e-06        -1.40032634519e-06
 3  0         9.57175927823e-07        0.000000000000e+00
 3  1         2.03043880765e-06         2.48245904719e-07
 3  2         9.04748092168e-07        -6.19009499645e-07
 3  3         7.21313351136e-07         1.41440608627e-06
 4  0         5.39985224766e-07        0.000000000000e+00
 4  1        -5.36207455039e-07        -4.73580646846e-07
 4  2         3.50491215410e-07         6.62505363325e-07
 4  3         9.90860230722e-07        -2.00945874132e-07
 4  4        -1.88496019103e-07         3.08830889937e-07
 5  0         6.86302326732e-08        0.000000000000e+00
 5  1        -6.29098772452e-08        -9.43010213464e-08
 5  2         6.52038701159e-07        -3.23327740182e-07
 5  3        -4.51829085660e-07        -2.14937579414e-07
 5  4        -2.95311861779e-07         4.98145342448e-08
 5  5         1.74818474288e-07        -6.69355222094e-07
 6  0        -1.49990243306e-07        0.000000000000e+00
 6  1        -7.59696401067e-08         2.65321584227e-08
 6  2         4.86273917723e-08        -3.73749017594e-07
 6  3         5.72536206805e-08         9.00325609712e-09
 6  4        -8.59900438335e-08        -4.71432121139e-07
 6  5        -2.67160940177e-07        -5.36496168170e-07
 6  6         9.47911954682e-09        -2.37380948776e-07
 7  0         9.04822894541e-08        0.000000000000e+00
 7  1         2.80879017793e-07         9.51997361403e-08
 7  2         3.30372505519e-07         9.30455909459e-08
 7  3         2.50467472983e-07        -2.17076746901e-07
 7  4        -2.74970768305e-07        -1.24042946198e-07
 7  5         1.65188559145e-09         1.79291878809e-08
 7  6        -3.58798687064e-07         1.51791159437e-07
 7  7         1.52148413082e-09         2.41008840723e-08
 8  0         4.94787796382e-08        0.000000000000e+00
 8  1         2.31197299524e-08         5.89112324592e-08
 8  2         8.00257041959e-08         6.53221465291e-08
 8  3        -1.93547365479e-08        -8.59189892434e-08
 8  4        -2.44329989797e-07         6.98150845862e-08
 8  5        -2.56916572651e-08         8.92091299135e-08
 8  6        -6.59722292745e-08         3.08948880767e-07
 8  7         6.72560023867e-08         7.48691014890e-08
 8  8        -1.24034627072e-07         1.20540620012e-07
 9  0         2.80247032373e-08        0.000000000000e+00
 9  1         1.42148055583e-07         2.14341555169e-08
 9  2         2.14084765268e-08        -3.16608347763e-08
 9  3        -1.60596867518e-07        -7.42295682986e-08
 9  4        -9.33245515411e-09         1.98990465040e-08
 9  5        -1.63109461529e-08        -5.40432468955e-08
 9  6         6.27828746366e-08         2.22966775153e-07
 9  7        -1.17984199297e-07        -9.69160871316e-08
 9  8         1.88133072052e-07        -3.00488441327e-09
 9  9        -4.75606891954e-08         9.68739080153e-08
10  0         5.33563218283e-08        0.000000000000e+00
10  1         8.37462160400e-08        -1.31096601449e-07
10  2        -9.39628614020e-08        -5.12562393779e-08
10  3        -6.97980535117e-09        -1.54109315997e-07
10  4        -8.44404931859e-08        -7.90263092223e-08
10  5        -4.92821348687e-08        -5.06197536805e-08
10  6        -3.75851872329e-08        -7.97698527811e-08
10  7         8.25411001363e-09        -3.04956489340e-09
10  8         4.05868498908e-08        -9.17081271803e-08
10  9         1.25389818468e-07        -3.79433539245e-08
10 10         1.00421120335e-07        -2.38623232536e-08
11  0        -5.07579134742e-08        0.000000000000e+00
11  1         1.56178848824e-08        -2.71190536171e-08
11  2         2.01161571412e-08        -9.89745026017e-08
11  3        -3.05680316706e-08        -1.48827272137e-07
11  4        -3.79312020603e-08        -6.37648439094e-08
11  5         3.74239035531e-08         4.95812745980e-08
11  6        -1.56867047309e-09         3.42716950561e-08
11  7         4.65820541246e-09        -8.98288828904e-08
11  8        -6.31743922920e-09         2.45486446204e-08
11  9        -3.10776759338e-08         4.20625203956e-08
11 10        -5.22374762031e-08        -1.84188623565e-08
11 11         4.62358909627e-08        -6.96683668288e-08
12  0         3.64551649622e-08        0.000000000000e+00
12  1        -5.35902764050e-08        -4.31713060728e-08
12  2         1.42947738670e-08         3.11015876430e-08
12  3         3.96451608987e-08         2.50738708860e-08
12  4        -6.77111192127e-08         3.83808128348e-09
12  5         3.08748757556e-08         7.58117791169e-09
12  6         3.13162155718e-09         3.89800945499e-08
12  7        -1.90540757358e-08         3.57219936304e-08
12  8        -2.58872719193e-08         1.69342185355e-08
12  9         4.19072887288e-08         2.49614028303e-08
12 10        -6.19918818620e-09         3.09346221772e-08
12 11         1.13689155019e-08        -6.38749692566e-09
12 12        -2.41790563720e-09        -1.11099018588e-08
13  0         4.17300802103e-08        0.000000000000e+00
13  1        -5.14384958194e-08         3.86786668967e-08
13  2         5.53049872469e-08        -6.26804315308e-08
13  3        -2.15481799778e-08         9.76849128782e-08
13  4        -3.63252292621e-09        -1.17552946800e-08
13  5         5.83699445092e-08         6.72168620993e-08
13  6        -3.50431499078e-08        -6.27868395424e-09
13  7         3.00756215877e-09        -7.32342339349e-09
13  8        -1.00549822730e-08        -9.85342070605e-09
13  9         2.47690853507e-08         4.58865790362e-08
13 10         4.11095741736e-08        -3.68428545608e-08
13 11        -4.45246608041e-08        -4.84308686576e-09
13 12        -3.13086351115e-08         8.79434828234e-08
13 13        -6.12056153350e-08         6.81467450353e-08
14  0        -2.26606506461e-08        0.000000000000e+00
14  1        -1.87641098071e-08         2.88622152598e-08
14  2        -3.59045225298e-08        -4.06915266137e-09
14  3         3.65322832492e-08         1.96965535115e-08
14  4         1.61742538002e-09        -2.26652970033e-08
14  5         2.93114127612e-08        -1.67907792783e-08
14  6        -1.90666595023e-08         2.45032930870e-09
14  7         3.76216691935e-08        -3.93615328051e-09
14  8        -3.49477408074e-08        -1.54458181421e-08
14  9         3.19528114766e-08         2.84685426460e-08
14 10         3.87997950173e-08        -1.29601224110e-09
14 11         1.56517260540e-08        -3.90426809687e-08
14 12         8.46009392321e-09        -3.11299790541e-08
14 13         3.22392433399e-08         4.51526025800e-08
14 14        -5.18694134385e-08        -4.81830946432e-09
15  0         2.18617401166e-09        0.000000000000e+00
15  1         9.43296652831e-09         1.04770044628e-08
15  2        -2.05324112095e-08        -3.02947775353e-08
15  3         5.34111977435e-08         1.76493808988e-08
15  4        -4.01642028282e-08         6.80375214223e-09
15  5         1.22443540759e-08         7.61209424669e-09
15  6         3.28539098567e-08        -3.64726820726e-08
15  7         5.96543106165e-08         5.06855376939e-09
15  8        -3.20956648294e-08         2.21768225772e-08
15  9         1.32989878208e-08         3.79936095192e-08
15 10         1.02655597054e-08         1.46931188205e-08
15 11        -1.30127035137e-09         1.85198657154e-08
15 12        -3.24155048075e-08         1.56076029005e-08
15 13        -2.83688480115e-08        -4.57719289548e-09
15 14         5.19743091382e-09        -2.43964423140e-08
15 15        -1.90290602783e-08        -4.69844794846e-09
